{"metadata":{"did":"ebc9190f428cf30153c06148","wvm":"w","wvmid":"8e27fa4d26837b5b136fb4a1","eid":"d2f73f6396ee11d44c08fc80"},"anglesDeg":[0.0,18.0,36.0,54.0,72.0,90.0,108.0,126.0,144.0,162.0,180.0,198.0,216.0,234.0,252.0,270.0,288.0,306.0,324.0,342.0],"matrixTable":[[-0.514497,0.857492,0.0,0.044237,-0.857492,-0.514497,0.0,-0.206627,0.0,0.0,1.0,0.25516,0.0,0.0,0.0,1.0],[1.0,0.0,0.0,0.117384,0.0,0.514486,0.857499,-0.20687,0.0,-0.857499,0.514486,0.263208,0.0,0.0,0.0,1.0],[1.0,0.0,0.0,-0.040694,0.0,1.0,0.0,-0.268389,0.0,0.0,1.0,0.259444,0.0,0.0,0.0,1.0],[0.789278,0.0,0.614035,0.209337,0.614035,0.0,-0.789278,-0.240607,0.0,1.0,0.0,0.207697,0.0,0.0,0.0,1.0],[1.0,0.0,0.0,0.087893,0.0,1.0,0.0,-0.289423,0.0,0.0,1.0,0.33486,0.0,0.0,0.0,1.0],[0.0,-0.136268,-0.990672,-0.016882,0.0,0.990672,-0.136268,-0.261514,1.0,0.0,0.0,0.277719,0.0,0.0,0.0,1.0],[0.994692,0.0,0.102898,0.043513,0.0,1.0,0.0,-0.279104,-0.102898,0.0,0.994692,0.346855,0.0,0.0,0.0,1.0],[0.781312,0.0,0.624141,0.252269,0.624141,0.0,-0.781312,-0.297757,0.0,1.0,0.0,0.184412,0.0,0.0,0.0,1.0],[0.32686,0.0,-0.945073,0.231562,-0.945073,0.0,-0.32686,-0.240607,0.0,1.0,0.0,0.207062,0.0,0.0,0.0,1.0],[1.0,0.0,0.0,0.26735,0.0,1.0,0.0,-0.180282,0.0,0.0,1.0,0.1785,0.0,0.0,0.0,1.0],[0.0,-0.363373,0.931644,0.005303,0.0,-0.931644,-0.363373,-0.257871,1.0,0.0,0.0,0.173325,0.0,0.0,0.0,1.0],[0.999582,-0.028917,0.0,0.128375,0.028917,0.999582,0.0,-0.292995,0.0,0.0,1.0,0.175325,0.0,0.0,0.0,1.0],[-0.567198,0.0,0.823582,0.035349,0.0,-1.0,0.0,-0.229495,0.823582,0.0,0.567198,0.203843,0.0,0.0,0.0,1.0],[1.0,0.0,0.0,0.029187,0.0,-0.027571,-0.99962,-0.272598,0.0,0.99962,-0.027571,0.219534,0.0,0.0,0.0,1.0],[1.0,0.0,0.0,0.011693,0.0,1.0,0.0,-0.31522,0.0,0.0,1.0,0.168578,0.0,0.0,0.0,1.0],[0.998017,-0.06294,0.0,0.200606,0.06294,0.998017,0.0,-0.142182,0.0,0.0,1.0,0.184031,0.0,0.0,0.0,1.0],[0.996364,0.0,0.085196,-0.012913,0.0,1.0,0.0,-0.279104,-0.085196,0.0,0.996364,0.362589,0.0,0.0,0.0,1.0],[0.027563,0.0,0.99962,0.154172,0.99962,0.0,-0.027563,-0.252493,0.0,1.0,0.0,0.183243,0.0,0.0,0.0,1.0],[0.997413,0.0,-0.071887,0.229784,0.0,1.0,0.0,-0.268389,0.071887,0.0,0.997413,0.164028,0.0,0.0,0.0,1.0],[-0.026811,0.999638,-0.002267,0.220556,-0.996083,-0.026906,-0.08423,-0.205703,-0.084261,0.0,0.996444,0.338062,0.0,0.0,0.0,1.0],[0.0,0.160066,0.987106,0.048447,-1.0,0.0,0.0,-0.228701,0.0,-0.987106,0.160066,0.266053,0.0,0.0,0.0,1.0],[0.0,-0.9999,-0.014128,0.149806,1.0,0.0,0.0,-0.260054,0.0,-0.014128,0.9999,0.232103,0.0,0.0,0.0,1.0],[0.0,-1.0,0.0,0.044237,1.0,0.0,0.0,-0.219176,0.0,0.0,1.0,0.261844,0.0,0.0,0.0,1.0],[0.0,-0.961817,0.273695,0.252269,0.0,0.273695,0.961817,-0.297757,-1.0,0.0,0.0,0.18365,0.0,0.0,0.0,1.0],[0.0,-0.789813,0.613348,-0.016882,0.0,-0.613348,-0.789813,-0.275263,1.0,0.0,0.0,0.277719,0.0,0.0,0.0,1.0],[0.0,0.995369,0.096123,0.048447,1.0,0.0,0.0,-0.233176,0.0,0.096123,-0.995369,0.257634,0.0,0.0,0.0,1.0],[0.963254,0.0,0.268593,0.045042,0.0,1.0,0.0,-0.273945,-0.268593,0.0,0.963254,0.346429,0.0,0.0,0.0,1.0],[0.0,-1.0,0.0,0.029899,0.343583,0.0,0.939122,-0.280295,-0.939122,0.0,0.343583,0.223744,0.0,0.0,0.0,1.0],[0.877521,0.479538,0.0,0.200606,-0.479538,0.877521,0.0,-0.142182,0.0,0.0,1.0,0.171318,0.0,0.0,0.0,1.0],[1.0,0.0,0.0,0.103768,0.0,1.0,0.0,-0.247354,0.0,0.0,1.0,0.36265,0.0,0.0,0.0,1.0],[0.996364,0.0,0.085196,-0.012913,0.0,1.0,0.0,-0.257673,-0.085196,0.0,0.996364,0.362589,0.0,0.0,0.0,1.0],[1.0,0.0,0.0,0.099901,0.0,1.0,0.0,-0.121942,0.0,0.0,1.0,0.168578,0.0,0.0,0.0,1.0],[-0.960473,0.0,0.278374,-0.012913,0.278374,0.0,0.960473,-0.247354,0.0,1.0,0.0,0.271921,0.0,0.0,0.0,1.0],[0.203846,0.0,-0.979003,0.141075,0.979003,0.0,0.203846,-0.260054,0.0,-1.0,0.0,0.180881,0.0,0.0,0.0,1.0],[1.0,0.0,0.0,0.149806,0.0,1.0,0.0,-0.260054,0.0,0.0,1.0,0.18289,0.0,0.0,0.0,1.0],[0.77795,0.0,0.628326,0.26735,0.0,1.0,0.0,-0.340626,-0.628326,0.0,0.77795,0.188819,0.0,0.0,0.0,1.0],[1.0,0.0,0.0,0.22045,0.0,1.0,0.0,-0.142182,0.0,0.0,1.0,0.205462,0.0,0.0,0.0,1.0],[-0.695112,-0.718901,0.0,0.044237,0.718901,-0.695112,0.0,-0.206627,0.0,0.0,1.0,0.275536,0.0,0.0,0.0,1.0],[0.875275,0.483625,0.0,0.011693,-0.483625,0.875275,0.0,-0.221557,0.0,0.0,1.0,0.155865,0.0,0.0,0.0,1.0],[1.0,0.0,0.0,0.341201,0.0,1.0,0.0,-0.121942,0.0,0.0,1.0,0.155865,0.0,0.0,0.0,1.0],[1.0,0.0,0.0,-0.012913,0.0,1.0,0.0,-0.268389,0.0,0.0,1.0,0.180087,0.0,0.0,0.0,1.0],[0.875275,0.483625,0.0,0.190287,-0.483625,0.875275,0.0,-0.31522,0.0,0.0,1.0,0.155865,0.0,0.0,0.0,1.0],[1.0,0.0,0.0,0.103768,0.0,1.0,0.0,-0.268389,0.0,0.0,1.0,0.164212,0.0,0.0,0.0,1.0],[-0.293989,0.0,0.955809,0.2194,0.0,-1.0,0.0,-0.227463,0.955809,0.0,0.293989,0.197789,0.0,0.0,0.0,1.0],[0.32686,0.0,-0.945073,0.209337,-0.945073,0.0,-0.32686,-0.142182,0.0,1.0,0.0,0.207062,0.0,0.0,0.0,1.0],[0.86903,0.0,0.494759,0.026378,0.494759,0.0,-0.86903,-0.296357,0.0,1.0,0.0,0.18485,0.0,0.0,0.0,1.0],[0.875275,0.483625,0.0,0.307762,-0.483625,0.875275,0.0,-0.31522,0.0,0.0,1.0,0.155865,0.0,0.0,0.0,1.0],[-0.181431,-0.983404,0.0,0.095831,0.983404,-0.181431,0.0,-0.247354,0.0,0.0,1.0,0.355538,0.0,0.0,0.0,1.0],[-0.63188,-0.775066,0.0,0.044237,0.775066,-0.63188,0.0,-0.219176,0.0,0.0,1.0,0.260907,0.0,0.0,0.0,1.0],[0.781312,0.0,0.624141,0.252269,0.624141,0.0,-0.781312,-0.180282,0.0,1.0,0.0,0.184412,0.0,0.0,0.0,1.0],[0.0,-0.963254,0.268593,0.009629,1.0,0.0,0.0,-0.285215,0.0,0.268593,0.963254,0.334803,0.0,0.0,0.0,1.0],[1.0,0.0,0.0,0.021615,0.0,1.0,0.0,-0.268206,0.0,0.0,1.0,0.249144,0.0,0.0,0.0,1.0],[0.025576,0.999638,0.008355,0.220556,0.950218,-0.026906,0.310421,-0.205703,0.310533,0.0,-0.950563,0.338062,0.0,0.0,0.0,1.0],[-0.625516,0.628326,0.462533,0.26735,0.594553,0.0,0.804056,-0.186639,0.505209,0.77795,-0.373573,0.188819,0.0,0.0,0.0,1.0],[0.0,-0.805206,0.592995,0.040028,1.0,0.0,0.0,-0.193776,0.0,0.592995,0.805206,0.266053,0.0,0.0,0.0,1.0],[0.708138,-0.172474,-0.684685,0.188454,0.0,0.969707,-0.244271,-0.205397,0.706074,0.172978,0.686686,0.263236,0.0,0.0,0.0,1.0],[0.960697,0.0,-0.277598,-0.031129,-0.277598,0.0,-0.960697,-0.257871,0.0,1.0,0.0,0.272607,0.0,0.0,0.0,1.0],[-0.181431,-0.983404,0.0,0.095831,0.983404,-0.181431,0.0,-0.289423,0.0,0.0,1.0,0.355538,0.0,0.0,0.0,1.0],[-0.720756,0.0,-0.693189,0.005303,-0.693189,0.0,0.720756,-0.257871,0.0,1.0,0.0,0.272607,0.0,0.0,0.0,1.0],[0.963706,0.0,0.266967,0.103768,0.0,1.0,0.0,-0.268389,-0.266967,0.0,0.963706,0.36265,0.0,0.0,0.0,1.0],[0.211739,0.0,-0.977326,0.031934,-0.977326,0.0,-0.211739,-0.296357,0.0,1.0,0.0,0.195867,0.0,0.0,0.0,1.0],[0.994692,0.0,0.102898,0.043513,0.0,1.0,0.0,-0.257673,-0.102898,0.0,0.994692,0.346855,0.0,0.0,0.0,1.0],[0.960977,0.0,-0.276627,0.043513,0.0,1.0,0.0,-0.286248,0.276627,0.0,0.960977,0.346855,0.0,0.0,0.0,1.0],[1.0,0.0,0.0,0.204575,0.0,1.0,0.0,-0.209651,0.0,0.0,1.0,0.287586,0.0,0.0,0.0,1.0],[0.0,-0.47261,0.881272,-0.004975,0.0,0.881272,0.47261,-0.268389,-1.0,0.0,0.0,0.285305,0.0,0.0,0.0,1.0],[1.0,0.0,0.0,0.128375,0.0,1.0,0.0,-0.243782,0.0,0.0,1.0,0.192762,0.0,0.0,0.0,1.0],[1.0,0.0,0.0,0.119643,0.0,1.0,0.0,-0.289423,0.0,0.0,1.0,0.342806,0.0,0.0,0.0,1.0],[0.0,0.954024,0.299729,0.005896,1.0,0.0,0.0,-0.288311,0.0,0.299729,-0.954024,0.219534,0.0,0.0,0.0,1.0],[1.0,0.0,0.0,0.22045,0.0,1.0,0.0,-0.209651,0.0,0.0,1.0,0.21025,0.0,0.0,0.0,1.0],[1.0,0.0,0.0,0.220551,0.0,1.0,0.0,-0.121942,0.0,0.0,1.0,0.155865,0.0,0.0,0.0,1.0],[0.0,0.991382,-0.131005,0.026378,0.0,-0.131005,-0.991382,-0.240607,-1.0,0.0,0.0,0.184469,0.0,0.0,0.0,1.0],[0.851915,0.0,-0.52368,0.154172,-0.52368,0.0,-0.851915,-0.267616,0.0,1.0,0.0,0.183243,0.0,0.0,0.0,1.0],[-0.025942,0.999638,0.007139,0.220556,-0.963813,-0.026906,0.265218,-0.205684,0.265314,0.0,0.964162,0.298526,0.0,0.0,0.0,1.0],[-0.082663,0.019265,0.996391,0.024398,-0.226977,-0.9739,0.0,-0.231082,0.970386,-0.226158,0.084878,0.186977,0.0,0.0,0.0,1.0],[-0.026906,0.999638,0.0,0.22045,-0.999638,-0.026906,0.0,-0.209651,0.0,0.0,1.0,0.329728,0.0,0.0,0.0,1.0],[0.0,-0.592995,-0.805206,0.040028,1.0,0.0,0.0,-0.193776,0.0,-0.805206,0.592995,0.257634,0.0,0.0,0.0,1.0],[-0.026736,0.999638,-0.003024,0.220184,-0.993305,-0.026906,-0.112346,-0.219513,-0.112387,0.0,0.993665,0.319954,0.0,0.0,0.0,1.0],[0.999582,-0.028917,0.0,0.079162,0.028917,0.999582,0.0,-0.292995,0.0,0.0,1.0,0.175325,0.0,0.0,0.0,1.0],[0.211739,0.0,-0.977326,0.041459,-0.977326,0.0,-0.211739,-0.240607,0.0,1.0,0.0,0.195867,0.0,0.0,0.0,1.0],[0.0,0.363373,-0.931644,-0.031129,0.0,0.931644,0.363373,-0.278906,1.0,0.0,0.0,0.173325,0.0,0.0,0.0,1.0],[1.0,0.0,0.0,0.22045,0.0,1.0,0.0,-0.142182,0.0,0.0,1.0,0.179294,0.0,0.0,0.0,1.0],[-0.977711,0.209957,0.0,0.1633,0.209957,0.977711,0.0,-0.260054,0.0,0.0,-1.0,0.1785,0.0,0.0,0.0,1.0],[1.0,0.0,0.0,-0.013314,0.0,1.0,0.0,-0.248545,0.0,0.0,1.0,0.330497,0.0,0.0,0.0,1.0],[0.586921,0.0,-0.809644,0.020866,0.0,-1.0,0.0,-0.253522,-0.809644,0.0,-0.586921,0.189219,0.0,0.0,0.0,1.0],[1.0,0.0,0.0,0.280876,0.0,1.0,0.0,-0.121942,0.0,0.0,1.0,0.155865,0.0,0.0,0.0,1.0],[0.348925,-0.937151,0.0,0.1633,0.937151,0.348925,0.0,-0.260054,0.0,0.0,1.0,0.170175,0.0,0.0,0.0,1.0],[1.0,0.0,0.0,0.119643,0.0,1.0,0.0,-0.247354,0.0,0.0,1.0,0.342806,0.0,0.0,0.0,1.0],[0.52906,0.0,-0.848585,0.103768,0.0,1.0,0.0,-0.268389,0.848585,0.0,0.52906,0.36265,0.0,0.0,0.0,1.0],[0.0,0.299729,-0.954024,0.005896,1.0,0.0,0.0,-0.288311,0.0,-0.954024,-0.299729,0.227953,0.0,0.0,0.0,1.0],[1.0,0.0,0.0,0.073606,0.0,1.0,0.0,-0.31522,0.0,0.0,1.0,0.168578,0.0,0.0,0.0,1.0],[1.0,1e-05,0.0,0.22045,-1e-05,1.0,0.0,-0.209651,0.0,0.0,1.0,0.202728,0.0,0.0,0.0,1.0],[0.875275,0.483625,0.0,0.073606,-0.483625,0.875275,0.0,-0.221557,0.0,0.0,1.0,0.155865,0.0,0.0,0.0,1.0],[0.0,-1.0,0.0,0.029899,0.343583,0.0,0.939122,-0.280295,-0.939122,0.0,0.343583,0.207075,0.0,0.0,0.0,1.0],[0.995631,0.0,0.093372,0.041459,-0.093372,0.0,0.995631,-0.296357,0.0,-1.0,0.0,0.193581,0.0,0.0,0.0,1.0],[1.0,0.0,0.0,0.358562,0.0,-1.0,0.0,-0.113607,0.0,0.0,-1.0,0.164212,0.0,0.0,0.0,1.0],[0.0,-0.21351,0.976941,0.014315,-1.0,0.0,0.0,-0.283043,0.0,-0.976941,-0.21351,0.219534,0.0,0.0,0.0,1.0],[0.999984,0.005651,0.0,-0.040694,-0.005651,0.999984,0.0,-0.268389,0.0,0.0,1.0,0.2674,0.0,0.0,0.0,1.0],[0.77795,0.0,0.628326,0.26735,0.0,1.0,0.0,-0.194576,-0.628326,0.0,0.77795,0.188819,0.0,0.0,0.0,1.0],[0.0,1.0,0.0,0.031931,0.150244,0.0,-0.988649,-0.280295,-0.988649,0.0,-0.150244,0.207075,0.0,0.0,0.0,1.0],[1.0,0.0,0.0,0.010106,0.0,1.0,0.0,-0.285057,0.0,0.0,1.0,0.223744,0.0,0.0,0.0,1.0],[1.0,0.0,0.0,0.119643,0.0,1.0,0.0,-0.247354,0.0,0.0,1.0,0.33486,0.0,0.0,0.0,1.0],[1.0,0.0,0.0,0.22045,0.0,1.0,0.0,-0.209651,0.0,0.0,1.0,0.265361,0.0,0.0,0.0,1.0],[1.0,0.0,0.0,0.036697,0.0,1.0,0.0,-0.240607,0.0,0.0,1.0,0.179294,0.0,0.0,0.0,1.0],[1.0,0.0,0.0,0.087893,0.0,1.0,0.0,-0.289423,0.0,0.0,1.0,0.342806,0.0,0.0,0.0,1.0],[0.363995,0.0,-0.931401,0.260206,-0.931401,0.0,-0.363995,-0.297757,0.0,1.0,0.0,0.193537,0.0,0.0,0.0,1.0],[1.0,0.0,0.0,0.044237,0.0,1.0,0.0,-0.230289,0.0,0.0,1.0,0.261844,0.0,0.0,0.0,1.0],[0.363995,0.0,-0.931401,0.274494,-0.931401,0.0,-0.363995,-0.180282,0.0,1.0,0.0,0.193537,0.0,0.0,0.0,1.0],[0.363995,0.0,-0.931401,0.260206,-0.931401,0.0,-0.363995,-0.180282,0.0,1.0,0.0,0.193537,0.0,0.0,0.0,1.0],[1.0,0.0,0.0,0.031537,0.0,1.0,0.0,-0.268389,0.0,0.0,1.0,0.223744,0.0,0.0,0.0,1.0],[0.0,-0.999827,0.018592,0.149806,1.0,0.0,0.0,-0.257673,0.0,0.018592,0.999827,0.232103,0.0,0.0,0.0,1.0],[1.0,0.0,0.0,0.073606,0.0,1.0,0.0,-0.221557,0.0,0.0,1.0,0.168578,0.0,0.0,0.0,1.0],[0.955809,0.0,-0.293989,0.224883,0.0,1.0,0.0,-0.142182,0.293989,0.0,0.955809,0.17996,0.0,0.0,0.0,1.0],[-0.3815,0.0,-0.924369,0.274494,0.924369,0.0,-0.3815,-0.297757,0.0,-1.0,0.0,0.191175,0.0,0.0,0.0,1.0],[0.0,-1.0,0.0,0.029899,0.343583,0.0,0.939122,-0.280295,-0.939122,0.0,0.343583,0.240412,0.0,0.0,0.0,1.0],[0.0,0.988514,-0.151131,-0.031129,0.0,0.151131,0.988514,-0.257871,1.0,0.0,0.0,0.173325,0.0,0.0,0.0,1.0],[0.0,-0.995369,-0.096123,0.040028,1.0,0.0,0.0,-0.233176,0.0,-0.096123,0.995369,0.266053,0.0,0.0,0.0,1.0],[0.0,0.991382,-0.131005,0.026378,0.0,-0.131005,-0.991382,-0.296357,-1.0,0.0,0.0,0.184469,0.0,0.0,0.0,1.0],[0.789278,0.0,0.614035,0.209337,0.614035,0.0,-0.789278,-0.142182,0.0,1.0,0.0,0.207697,0.0,0.0,0.0,1.0],[0.0,0.991382,-0.131005,0.047015,0.0,-0.131005,-0.991382,-0.240607,-1.0,0.0,0.0,0.184469,0.0,0.0,0.0,1.0],[-0.960697,0.0,0.277598,0.005303,0.277598,0.0,0.960697,-0.278906,0.0,1.0,0.0,0.272607,0.0,0.0,0.0,1.0],[0.0,-0.160066,-0.987106,0.040028,-1.0,0.0,0.0,-0.228701,0.0,0.987106,-0.160066,0.257634,0.0,0.0,0.0,1.0],[0.0,0.177885,-0.984051,0.040028,-1.0,0.0,0.0,-0.189301,0.0,0.984051,0.177885,0.257634,0.0,0.0,0.0,1.0],[1.0,0.0,0.0,0.044237,0.0,1.0,0.0,-0.206627,0.0,0.0,1.0,0.25516,0.0,0.0,0.0,1.0],[1.0,0.0,0.0,0.029187,0.0,0.99962,-0.027571,-0.272598,0.0,0.027571,0.99962,0.227953,0.0,0.0,0.0,1.0],[0.0,0.926081,0.377324,-0.004975,0.0,-0.377324,0.926081,-0.268389,1.0,0.0,0.0,0.277719,0.0,0.0,0.0,1.0],[0.9999,0.0,-0.014128,0.149806,0.0,1.0,0.0,-0.256085,0.014128,0.0,0.9999,0.232077,0.0,0.0,0.0,1.0],[-0.025942,0.999638,-0.007139,0.220343,-0.963813,-0.026906,-0.265218,-0.213618,-0.265314,0.0,0.964162,0.298526,0.0,0.0,0.0,1.0],[0.766044,-0.504064,-0.398868,0.216756,0.642788,0.60072,0.475353,-0.21275,0.0,-0.620529,0.784184,0.265361,0.0,0.0,0.0,1.0],[0.162178,0.955804,-0.24523,0.22045,-0.834098,0.0,-0.551616,-0.199256,-0.527237,0.294006,0.797234,0.194375,0.0,0.0,0.0,1.0],[0.99946,0.0,0.032874,0.216214,0.0,1.0,0.0,-0.227463,-0.032874,0.0,0.99946,0.212983,0.0,0.0,0.0,1.0],[0.995475,0.0,-0.095023,0.04678,0.0,1.0,0.0,-0.268389,0.095023,0.0,0.995475,0.378437,0.0,0.0,0.0,1.0],[1.0,0.0,0.0,0.133931,0.0,1.0,0.0,-0.31522,0.0,0.0,1.0,0.168578,0.0,0.0,0.0,1.0],[0.86903,0.0,0.494759,0.047015,0.494759,0.0,-0.86903,-0.240607,0.0,1.0,0.0,0.18485,0.0,0.0,0.0,1.0],[-0.536432,0.006506,0.843919,0.040588,0.843944,0.004135,0.536416,-0.206916,0.0,0.99997,-0.007709,0.278308,0.0,0.0,0.0,1.0],[-1.0,0.0,0.0,0.22045,0.0,-1.0,0.0,-0.209651,0.0,0.0,1.0,0.226125,0.0,0.0,0.0,1.0],[1.0,0.0,0.0,0.250612,0.0,1.0,0.0,-0.31522,0.0,0.0,1.0,0.168578,0.0,0.0,0.0,1.0],[0.6802,0.0,-0.733027,0.217745,0.0,1.0,0.0,-0.268389,0.733027,0.0,0.6802,0.331076,0.0,0.0,0.0,1.0],[-0.772237,0.0,-0.635334,-0.031129,0.635334,0.0,-0.772237,-0.257871,0.0,-1.0,0.0,0.172563,0.0,0.0,0.0,1.0],[-0.026838,0.999638,0.001923,0.220556,-0.997081,-0.026906,0.071457,-0.205684,0.071483,0.0,0.997442,0.298526,0.0,0.0,0.0,1.0],[-0.3815,0.0,-0.924369,0.260206,0.924369,0.0,-0.3815,-0.297757,0.0,-1.0,0.0,0.191175,0.0,0.0,0.0,1.0],[1.0,0.0,0.0,0.027568,0.0,1.0,0.0,-0.268389,0.0,0.0,1.0,0.223744,0.0,0.0,0.0,1.0],[0.769266,0.0,-0.638929,0.201003,-0.638929,0.0,-0.769266,-0.217589,0.0,1.0,0.0,0.186818,0.0,0.0,0.0,1.0],[0.710047,0.0,-0.704154,0.035349,0.0,1.0,0.0,-0.23267,0.704154,0.0,0.710047,0.203843,0.0,0.0,0.0,1.0],[0.0,-1.0,0.0,0.148135,1.0,0.0,0.0,-0.257975,0.0,0.0,1.0,0.350359,0.0,0.0,0.0,1.0],[0.999582,-0.028917,0.0,0.128375,0.028917,0.999582,0.0,-0.243782,0.0,0.0,1.0,0.175325,0.0,0.0,0.0,1.0],[-0.164097,0.0,0.986444,-0.012913,-0.986444,0.0,-0.164097,-0.289423,0.0,-1.0,0.0,0.172563,0.0,0.0,0.0,1.0],[0.0,-0.62514,-0.780512,-0.012913,0.0,0.780512,-0.62514,-0.289423,1.0,0.0,0.0,0.173325,0.0,0.0,0.0,1.0],[-0.955804,0.0,0.294006,0.22045,0.0,1.0,0.0,-0.19457,-0.294006,0.0,-0.955804,0.194375,0.0,0.0,0.0,1.0],[0.0,-0.076353,-0.997081,-0.004975,0.0,-0.997081,0.076353,-0.268389,-1.0,0.0,0.0,0.286605,0.0,0.0,0.0,1.0],[0.0,0.989765,0.142709,0.148135,-1.0,0.0,0.0,-0.255675,0.0,-0.142709,0.989765,0.350359,0.0,0.0,0.0,1.0],[1.0,0.0,0.0,0.149806,0.0,1.0,0.0,-0.260054,0.0,0.0,1.0,0.222602,0.0,0.0,0.0,1.0],[1.0,1e-05,0.0,0.22045,-1e-05,1.0,0.0,-0.209651,0.0,0.0,1.0,0.194375,0.0,0.0,0.0,1.0],[1.0,0.0,0.0,0.099901,0.0,1.0,0.0,-0.121942,0.0,0.0,1.0,0.155865,0.0,0.0,0.0,1.0],[0.997167,-0.075221,0.0,0.036697,0.0,0.0,1.0,-0.2817,-0.075221,-0.997167,0.0,0.188025,0.0,0.0,0.0,1.0],[0.0,0.592995,0.805206,0.048447,1.0,0.0,0.0,-0.193776,0.0,0.805206,-0.592995,0.266053,0.0,0.0,0.0,1.0],[-0.106949,0.0,0.994265,0.020866,0.0,1.0,0.0,-0.255827,-0.994265,0.0,-0.106949,0.189219,0.0,0.0,0.0,1.0],[0.781312,0.0,0.624141,0.282431,0.624141,0.0,-0.781312,-0.297757,0.0,1.0,0.0,0.184412,0.0,0.0,0.0,1.0],[1.0,0.0,0.0,0.033125,0.0,-1.0,0.0,-0.264179,0.0,0.0,-1.0,0.219534,0.0,0.0,0.0,1.0],[-0.936334,0.0,0.35111,-0.031129,-0.35111,0.0,-0.936334,-0.278906,0.0,-1.0,0.0,0.172563,0.0,0.0,0.0,1.0],[0.963705,0.0,0.266968,0.103768,0.0,1.0,0.0,-0.25378,-0.266968,0.0,0.963705,0.36265,0.0,0.0,0.0,1.0],[-0.988925,0.148419,0.0,0.1633,0.148419,0.988925,0.0,-0.260054,0.0,0.0,-1.0,0.174531,0.0,0.0,0.0,1.0],[1.0,0.0,0.0,0.033125,0.0,0.0,1.0,-0.264179,0.0,-1.0,0.0,0.227953,0.0,0.0,0.0,1.0],[0.708138,0.0,-0.706074,0.188425,0.0,1.0,0.0,-0.210762,0.706074,0.0,0.708138,0.263208,0.0,0.0,0.0,1.0],[0.997167,-0.075221,0.0,0.036697,0.0,0.0,1.0,-0.254636,-0.075221,-0.997167,0.0,0.188025,0.0,0.0,0.0,1.0],[1.0,0.0,0.0,0.103768,0.0,1.0,0.0,-0.275135,0.0,0.0,1.0,0.36265,0.0,0.0,0.0,1.0],[0.0,1.0,0.0,0.031931,0.150244,0.0,-0.988649,-0.256482,-0.988649,0.0,-0.150244,0.240412,0.0,0.0,0.0,1.0],[1.0,0.0,0.0,0.160226,0.0,1.0,0.0,-0.121942,0.0,0.0,1.0,0.155865,0.0,0.0,0.0,1.0],[1.0,0.0,0.0,0.16911,0.0,1.0,0.0,-0.260054,0.0,0.0,1.0,0.18485,0.0,0.0,0.0,1.0],[0.997167,0.0,0.075221,0.036697,0.0,1.0,0.0,-0.2817,-0.075221,0.0,0.997167,0.188025,0.0,0.0,0.0,1.0],[0.363995,0.0,-0.931401,0.274494,-0.931401,0.0,-0.363995,-0.297757,0.0,1.0,0.0,0.193537,0.0,0.0,0.0,1.0],[0.0,-0.984051,-0.177885,0.048447,-1.0,0.0,0.0,-0.189301,0.0,0.177885,-0.984051,0.257634,0.0,0.0,0.0,1.0],[0.0,0.0,1.0,0.021615,0.0,-1.0,0.0,-0.268206,1.0,0.0,0.0,0.231674,0.0,0.0,0.0,1.0],[0.0,-1.0,0.0,0.029899,0.343583,0.0,0.939122,-0.256482,-0.939122,0.0,0.343583,0.240412,0.0,0.0,0.0,1.0],[-1.0,0.0,0.0,0.041099,0.0,0.0,1.0,-0.20687,0.0,1.0,0.0,0.282258,0.0,0.0,0.0,1.0],[1.0,0.0,0.0,0.307762,0.0,1.0,0.0,-0.31522,0.0,0.0,1.0,0.168578,0.0,0.0,0.0,1.0],[0.0,-0.937769,0.347261,0.018043,0.0,0.347261,0.937769,-0.268206,-1.0,0.0,0.0,0.252825,0.0,0.0,0.0,1.0],[0.921259,0.0,0.388949,-0.012913,0.388949,0.0,-0.921259,-0.257276,0.0,1.0,0.0,0.184563,0.0,0.0,0.0,1.0],[-0.026811,0.999638,0.002267,0.220343,-0.996083,-0.026906,0.08423,-0.213599,0.084261,0.0,0.996444,0.338062,0.0,0.0,0.0,1.0],[0.995631,0.0,0.093372,0.031934,-0.093372,0.0,0.995631,-0.240607,0.0,-1.0,0.0,0.193581,0.0,0.0,0.0,1.0],[0.011164,0.0,-0.999938,0.021241,0.0,1.0,0.0,-0.284875,0.999938,0.0,0.011164,0.222753,0.0,0.0,0.0,1.0],[1.0,0.0,0.0,-0.037519,0.0,1.0,0.0,-0.31522,0.0,0.0,1.0,0.168578,0.0,0.0,0.0,1.0],[1.0,0.0,0.0,-0.012913,0.0,1.0,0.0,-0.268389,0.0,0.0,1.0,0.273686,0.0,0.0,0.0,1.0],[0.0,-1.0,0.0,-0.012913,1.0,0.0,0.0,-0.268389,0.0,0.0,1.0,0.252258,0.0,0.0,0.0,1.0],[-0.955804,0.0,0.294006,0.22045,0.0,1.0,0.0,-0.165598,-0.294006,0.0,-0.955804,0.194375,0.0,0.0,0.0,1.0],[0.025576,0.999638,-0.008355,0.220343,0.950218,-0.026906,-0.310421,-0.213599,-0.310533,0.0,-0.950563,0.338062,0.0,0.0,0.0,1.0],[0.706074,-0.708138,0.0,0.188425,0.0,0.0,1.0,-0.208476,-0.708138,-0.706074,0.0,0.263208,0.0,0.0,0.0,1.0],[0.32686,0.0,-0.945073,0.209337,-0.945073,0.0,-0.32686,-0.240607,0.0,1.0,0.0,0.207062,0.0,0.0,0.0,1.0],[1.0,0.0,0.0,0.22045,0.0,1.0,0.0,-0.240607,0.0,0.0,1.0,0.179294,0.0,0.0,0.0,1.0],[1.0,0.0,0.0,0.103768,0.0,1.0,0.0,-0.247354,0.0,0.0,1.0,0.338044,0.0,0.0,0.0,1.0],[1.0,0.0,0.0,-0.019263,0.0,1.0,0.0,-0.268389,0.0,0.0,1.0,0.330503,0.0,0.0,0.0,1.0],[-0.026838,0.999638,-0.001923,0.220343,-0.997081,-0.026906,-0.071457,-0.213618,-0.071483,0.0,0.997442,0.298526,0.0,0.0,0.0,1.0],[0.99946,0.0,0.032874,0.064525,0.0,1.0,0.0,-0.070685,-0.032874,0.0,0.99946,0.085489,0.0,0.0,0.0,1.0],[0.0,0.769621,0.638501,0.023401,0.0,0.638501,-0.769621,-0.265113,-1.0,0.0,0.0,0.252825,0.0,0.0,0.0,1.0],[0.0,1.0,0.0,0.031931,0.150244,0.0,-0.988649,-0.280295,-0.988649,0.0,-0.150244,0.223744,0.0,0.0,0.0,1.0],[1.0,0.0,0.0,0.341201,0.0,1.0,0.0,-0.121942,0.0,0.0,1.0,0.168578,0.0,0.0,0.0,1.0],[0.0,1.0,0.0,0.031931,0.150244,0.0,-0.988649,-0.280295,-0.988649,0.0,-0.150244,0.240412,0.0,0.0,0.0,1.0],[0.720756,0.0,0.693189,-0.031129,0.693189,0.0,-0.720756,-0.278906,0.0,1.0,0.0,0.272607,0.0,0.0,0.0,1.0],[0.0,-0.825321,0.564664,-0.016882,0.0,0.564664,0.825321,-0.275263,-1.0,0.0,0.0,0.286605,0.0,0.0,0.0,1.0],[0.875275,0.483625,0.0,0.250612,-0.483625,0.875275,0.0,-0.31522,0.0,0.0,1.0,0.155865,0.0,0.0,0.0,1.0],[0.32686,0.0,-0.945073,0.231562,-0.945073,0.0,-0.32686,-0.142182,0.0,1.0,0.0,0.207062,0.0,0.0,0.0,1.0],[1.0,0.0,0.0,0.128375,0.0,1.0,0.0,-0.292995,0.0,0.0,1.0,0.192762,0.0,0.0,0.0,1.0],[0.0,0.999979,0.006461,-0.013314,-1.0,0.0,0.0,-0.240989,0.0,-0.006461,0.999979,0.330497,0.0,0.0,0.0,1.0],[1.0,0.0,0.0,0.029187,0.0,-0.99962,0.027571,-0.264179,0.0,-0.027571,-0.99962,0.219534,0.0,0.0,0.0,1.0],[-0.721316,0.0,-0.692606,-0.031129,-0.692606,0.0,0.721316,-0.257871,0.0,1.0,0.0,0.271921,0.0,0.0,0.0,1.0],[-0.239157,0.0,0.970981,0.005303,0.970981,0.0,0.239157,-0.257871,0.0,1.0,0.0,0.271921,0.0,0.0,0.0,1.0],[-0.548979,-0.835836,0.0,-0.012913,0.835836,-0.548979,0.0,-0.268389,0.0,0.0,1.0,0.252258,0.0,0.0,0.0,1.0],[1.0,0.0,0.0,0.021615,0.0,0.0,1.0,-0.268206,0.0,-1.0,0.0,0.261062,0.0,0.0,0.0,1.0],[0.0,0.901674,0.432417,-0.016882,0.0,0.432417,-0.901674,-0.261514,-1.0,0.0,0.0,0.286605,0.0,0.0,0.0,1.0],[1.0,0.0,0.0,0.22045,0.0,1.0,0.0,-0.240607,0.0,0.0,1.0,0.205462,0.0,0.0,0.0,1.0],[0.995631,0.0,0.093372,0.041459,-0.093372,0.0,0.995631,-0.240607,0.0,-1.0,0.0,0.193581,0.0,0.0,0.0,1.0],[0.0,-0.096123,0.995369,0.048447,1.0,0.0,0.0,-0.233176,0.0,0.995369,0.096123,0.266053,0.0,0.0,0.0,1.0],[1.0,0.0,0.0,0.119643,0.0,1.0,0.0,-0.289423,0.0,0.0,1.0,0.33486,0.0,0.0,0.0,1.0],[-0.3815,0.0,-0.924369,0.274494,0.924369,0.0,-0.3815,-0.180282,0.0,-1.0,0.0,0.191175,0.0,0.0,0.0,1.0],[1.0,0.0,0.0,0.149806,0.0,1.0,0.0,-0.260054,0.0,0.0,1.0,0.206805,0.0,0.0,0.0,1.0],[0.998017,-0.06294,0.0,0.240293,0.06294,0.998017,0.0,-0.240607,0.0,0.0,1.0,0.184031,0.0,0.0,0.0,1.0],[0.875275,0.483625,0.0,0.073606,-0.483625,0.875275,0.0,-0.31522,0.0,0.0,1.0,0.155865,0.0,0.0,0.0,1.0],[0.98697,0.0,0.160902,0.220243,0.0,1.0,0.0,-0.209651,-0.160902,0.0,0.98697,0.285032,0.0,0.0,0.0,1.0],[1.0,0.0,0.0,0.103768,0.0,1.0,0.0,-0.289423,0.0,0.0,1.0,0.338044,0.0,0.0,0.0,1.0],[0.999582,-0.028917,0.0,0.079162,0.028917,0.999582,0.0,-0.243782,0.0,0.0,1.0,0.175325,0.0,0.0,0.0,1.0],[-0.3815,0.0,-0.924369,0.260206,0.924369,0.0,-0.3815,-0.180282,0.0,-1.0,0.0,0.191175,0.0,0.0,0.0,1.0],[1.0,0.0,0.0,0.033125,0.0,0.0,-1.0,-0.272598,0.0,1.0,0.0,0.219534,0.0,0.0,0.0,1.0],[0.0,-0.526899,-0.849928,-0.016882,0.0,-0.849928,0.526899,-0.261514,-1.0,0.0,0.0,0.285305,0.0,0.0,0.0,1.0],[-0.026906,0.999638,0.0,0.22045,-0.999638,-0.026906,0.0,-0.209651,0.0,0.0,1.0,0.275507,0.0,0.0,0.0,1.0],[0.0,-0.961817,0.273695,0.282431,0.0,0.273695,0.961817,-0.180282,-1.0,0.0,0.0,0.18365,0.0,0.0,0.0,1.0],[-0.833605,0.0,-0.552361,-0.010208,0.0,1.0,0.0,-0.268389,0.552361,0.0,-0.833605,0.394224,0.0,0.0,0.0,1.0],[0.024316,0.0,-0.999704,0.020866,0.0,1.0,0.0,-0.28289,0.999704,0.0,0.024316,0.189219,0.0,0.0,0.0,1.0],[-0.181431,-0.983404,0.0,0.111706,0.983404,-0.181431,0.0,-0.247354,0.0,0.0,1.0,0.355538,0.0,0.0,0.0,1.0],[-0.181431,-0.983404,0.0,0.111706,0.983404,-0.181431,0.0,-0.289423,0.0,0.0,1.0,0.355538,0.0,0.0,0.0,1.0],[0.0,-0.005556,-0.999985,0.018043,0.0,0.999985,-0.005556,-0.268206,1.0,0.0,0.0,0.246366,0.0,0.0,0.0,1.0],[0.877521,0.479538,0.0,0.200606,-0.479538,0.877521,0.0,-0.240607,0.0,0.0,1.0,0.171318,0.0,0.0,0.0,1.0],[-0.004958,0.99946,0.032498,0.224559,-0.988559,0.0,-0.150833,-0.227463,-0.150751,-0.032874,0.988025,0.18253,0.0,0.0,0.0,1.0],[0.268856,0.0,-0.96318,0.042521,0.0,1.0,0.0,-0.273945,0.96318,0.0,0.268856,0.347116,0.0,0.0,0.0,1.0],[0.0,-0.978513,-0.206184,-0.013314,1.0,0.0,0.0,-0.295789,0.0,-0.206184,0.978513,0.330497,0.0,0.0,0.0,1.0],[0.011164,0.0,-0.999938,0.021241,0.0,1.0,0.0,-0.251537,0.999938,0.0,0.011164,0.222753,0.0,0.0,0.0,1.0],[1.0,0.0,0.0,0.1633,0.0,1.0,0.0,-0.260054,0.0,0.0,1.0,0.169875,0.0,0.0,0.0,1.0],[0.0,0.976941,0.21351,0.014315,-1.0,0.0,0.0,-0.283043,0.0,-0.21351,0.976941,0.227953,0.0,0.0,0.0,1.0],[1.0,0.0,0.0,0.044237,0.0,1.0,0.0,-0.219176,0.0,0.0,1.0,0.274949,0.0,0.0,0.0,1.0],[1.0,0.0,0.0,0.095831,0.0,1.0,0.0,-0.247354,0.0,0.0,1.0,0.372969,0.0,0.0,0.0,1.0],[1.0,0.0,0.0,0.341201,0.0,1.0,0.0,-0.236639,0.0,0.0,1.0,0.155865,0.0,0.0,0.0,1.0],[0.0,-0.998981,0.045136,-0.012913,0.0,-0.045136,-0.998981,-0.257276,1.0,0.0,0.0,0.173325,0.0,0.0,0.0,1.0],[0.0,0.999859,0.016821,0.044232,0.0,-0.016821,0.999859,-0.206944,1.0,0.0,0.0,0.252321,0.0,0.0,0.0,1.0],[0.0,0.999509,-0.031344,-0.016882,0.0,-0.031344,-0.999509,-0.275263,-1.0,0.0,0.0,0.285305,0.0,0.0,0.0,1.0],[-0.955804,0.0,0.294006,0.22045,0.0,1.0,0.0,-0.134642,-0.294006,0.0,-0.955804,0.194375,0.0,0.0,0.0,1.0],[0.0,-0.890559,-0.454867,-0.012913,0.0,0.454867,-0.890559,-0.279501,1.0,0.0,0.0,0.173325,0.0,0.0,0.0,1.0],[0.0,0.168148,-0.985762,0.023401,0.0,-0.985762,-0.168148,-0.271299,-1.0,0.0,0.0,0.252825,0.0,0.0,0.0,1.0],[1.0,0.0,0.0,0.103768,0.0,1.0,0.0,-0.289423,0.0,0.0,1.0,0.36265,0.0,0.0,0.0,1.0],[0.0,0.0,-1.0,0.044237,0.0,-1.0,0.0,-0.192189,-1.0,0.0,0.0,0.261844,0.0,0.0,0.0,1.0],[0.963254,0.092919,0.252008,0.045042,0.0,0.938254,-0.345948,-0.262832,-0.268593,0.333236,0.903776,0.346429,0.0,0.0,0.0,1.0],[0.0,-1.0,0.0,-0.012913,1.0,0.0,0.0,-0.268389,0.0,0.0,1.0,0.362589,0.0,0.0,0.0,1.0],[-0.268593,0.0,-0.963254,0.042519,0.0,-1.0,0.0,-0.262832,-0.963254,0.0,0.268593,0.347133,0.0,0.0,0.0,1.0],[1.0,0.0,0.0,0.26735,0.0,1.0,0.0,-0.297757,0.0,0.0,1.0,0.1785,0.0,0.0,0.0,1.0],[-0.026736,0.999638,0.003024,0.220715,-0.993305,-0.026906,0.112346,-0.199789,0.112387,0.0,0.993665,0.319954,0.0,0.0,0.0,1.0],[0.0,-1.0,0.0,0.029899,0.343583,0.0,0.939122,-0.256482,-0.939122,0.0,0.343583,0.207075,0.0,0.0,0.0,1.0],[0.0,-0.988514,0.151131,0.005303,0.0,-0.151131,-0.988514,-0.278906,1.0,0.0,0.0,0.173325,0.0,0.0,0.0,1.0],[0.766044,0.642714,0.009753,0.216853,-0.642788,0.765956,0.011623,-0.206633,0.0,-0.015173,0.999885,0.265361,0.0,0.0,0.0,1.0],[0.984578,-0.174946,0.0,0.1633,0.174946,0.984578,0.0,-0.260054,0.0,0.0,1.0,0.185164,0.0,0.0,0.0,1.0],[0.239157,0.0,-0.970981,-0.031129,-0.970981,0.0,-0.239157,-0.278906,0.0,1.0,0.0,0.271921,0.0,0.0,0.0,1.0],[0.960977,0.0,-0.276627,0.043513,0.0,1.0,0.0,-0.250529,0.276627,0.0,0.960977,0.346855,0.0,0.0,0.0,1.0],[1.0,0.0,0.0,0.087893,0.0,1.0,0.0,-0.247354,0.0,0.0,1.0,0.33486,0.0,0.0,0.0,1.0],[1.0,0.0,0.0,0.036697,0.0,1.0,0.0,-0.296357,0.0,0.0,1.0,0.179294,0.0,0.0,0.0,1.0],[0.164097,0.0,-0.986444,-0.012913,0.986444,0.0,0.164097,-0.247354,0.0,-1.0,0.0,0.172563,0.0,0.0,0.0,1.0],[0.0,0.294006,-0.955804,0.22045,1.0,0.0,0.0,-0.209875,0.0,-0.955804,-0.294006,0.194375,0.0,0.0,0.0,1.0],[0.875275,0.483625,0.0,-0.037519,-0.483625,0.875275,0.0,-0.31522,0.0,0.0,1.0,0.155865,0.0,0.0,0.0,1.0],[0.875275,0.483625,0.0,0.011693,-0.483625,0.875275,0.0,-0.31522,0.0,0.0,1.0,0.155865,0.0,0.0,0.0,1.0],[-1.0,0.0,0.0,0.118575,0.0,-1.0,0.0,-0.20687,0.0,0.0,1.0,0.263208,0.0,0.0,0.0,1.0],[1.0,0.0,0.0,0.103768,0.0,1.0,0.0,-0.268389,0.0,0.0,1.0,0.180881,0.0,0.0,0.0,1.0],[1.0,0.0,0.0,0.220551,0.0,1.0,0.0,-0.121942,0.0,0.0,1.0,0.168578,0.0,0.0,0.0,1.0],[0.0,-0.299729,0.954024,0.014315,1.0,0.0,0.0,-0.288311,0.0,0.954024,0.299729,0.219534,0.0,0.0,0.0,1.0],[0.789278,0.0,0.614035,0.231562,0.614035,0.0,-0.789278,-0.142182,0.0,1.0,0.0,0.207697,0.0,0.0,0.0,1.0],[0.998017,-0.06294,0.0,0.200606,0.06294,0.998017,0.0,-0.240607,0.0,0.0,1.0,0.184031,0.0,0.0,0.0,1.0],[0.0,-0.954024,-0.299729,0.014315,1.0,0.0,0.0,-0.288311,0.0,-0.299729,0.954024,0.227953,0.0,0.0,0.0,1.0],[0.995631,0.0,0.093372,0.031934,-0.093372,0.0,0.995631,-0.296357,0.0,-1.0,0.0,0.193581,0.0,0.0,0.0,1.0],[1.0,0.0,0.0,-0.037519,0.0,1.0,0.0,-0.221557,0.0,0.0,1.0,0.168578,0.0,0.0,0.0,1.0],[0.86903,0.0,0.494759,0.047015,0.494759,0.0,-0.86903,-0.296357,0.0,1.0,0.0,0.18485,0.0,0.0,0.0,1.0],[0.0,0.805206,-0.592995,0.048447,1.0,0.0,0.0,-0.193776,0.0,-0.592995,-0.805206,0.257634,0.0,0.0,0.0,1.0],[1.0,0.0,0.0,0.280876,0.0,1.0,0.0,-0.121942,0.0,0.0,1.0,0.168578,0.0,0.0,0.0,1.0],[0.0,1.0,0.0,0.031931,0.150244,0.0,-0.988649,-0.256482,-0.988649,0.0,-0.150244,0.223744,0.0,0.0,0.0,1.0],[0.211739,0.0,-0.977326,0.041459,-0.977326,0.0,-0.211739,-0.296357,0.0,1.0,0.0,0.195867,0.0,0.0,0.0,1.0],[0.877521,0.479538,0.0,0.240293,-0.479538,0.877521,0.0,-0.142182,0.0,0.0,1.0,0.171318,0.0,0.0,0.0,1.0],[1.0,0.0,0.0,0.021615,0.0,0.0,-1.0,-0.268206,0.0,1.0,0.0,0.251512,0.0,0.0,0.0,1.0],[1.0,0.0,0.0,0.190287,0.0,1.0,0.0,-0.31522,0.0,0.0,1.0,0.168578,0.0,0.0,0.0,1.0],[0.0,-0.976941,-0.21351,0.005896,-1.0,0.0,0.0,-0.283043,0.0,0.21351,-0.976941,0.219534,0.0,0.0,0.0,1.0],[-0.268856,0.0,-0.96318,0.042515,0.0,-1.0,0.0,-0.262832,-0.96318,0.0,0.268856,0.347117,0.0,0.0,0.0,1.0],[1.0,0.0,0.0,0.016456,0.0,1.0,0.0,-0.268206,0.0,0.0,1.0,0.222943,0.0,0.0,0.0,1.0],[1.0,0.0,0.0,0.160226,0.0,1.0,0.0,-0.121942,0.0,0.0,1.0,0.168578,0.0,0.0,0.0,1.0],[0.95876,0.0,0.284215,-0.012913,-0.284215,0.0,0.95876,-0.279501,0.0,-1.0,0.0,0.172563,0.0,0.0,0.0,1.0],[1.0,0.0,0.0,-0.012913,0.0,1.0,0.0,-0.268389,0.0,0.0,1.0,0.265019,0.0,0.0,0.0,1.0],[0.781312,0.0,0.624141,0.282431,0.624141,0.0,-0.781312,-0.180282,0.0,1.0,0.0,0.184412,0.0,0.0,0.0,1.0],[0.769266,0.0,-0.638929,0.239897,-0.638929,0.0,-0.769266,-0.217589,0.0,1.0,0.0,0.186818,0.0,0.0,0.0,1.0],[1.0,0.0,0.0,0.079162,0.0,1.0,0.0,-0.243782,0.0,0.0,1.0,0.192762,0.0,0.0,0.0,1.0],[0.247078,0.968995,0.0,0.044237,-0.968995,0.247078,0.0,-0.219176,0.0,0.0,1.0,0.279007,0.0,0.0,0.0,1.0],[0.998017,-0.06294,0.0,0.240293,0.06294,0.998017,0.0,-0.142182,0.0,0.0,1.0,0.184031,0.0,0.0,0.0,1.0],[0.0,-0.961817,0.273695,0.282431,0.0,0.273695,0.961817,-0.297757,-1.0,0.0,0.0,0.18365,0.0,0.0,0.0,1.0],[0.721316,0.0,0.692606,0.005303,0.692606,0.0,-0.721316,-0.278906,0.0,1.0,0.0,0.271921,0.0,0.0,0.0,1.0],[0.996391,0.0,-0.084878,0.036697,0.0,1.0,0.0,-0.231082,0.084878,0.0,0.996391,0.188025,0.0,0.0,0.0,1.0],[0.960473,0.0,-0.278374,-0.012913,-0.278374,0.0,-0.960473,-0.289423,0.0,1.0,0.0,0.271921,0.0,0.0,0.0,1.0],[0.877521,0.479538,0.0,0.240293,-0.479538,0.877521,0.0,-0.240607,0.0,0.0,1.0,0.171318,0.0,0.0,0.0,1.0],[0.0,-0.617473,0.786592,0.018043,0.0,0.786592,0.617473,-0.268206,-1.0,0.0,0.0,0.254125,0.0,0.0,0.0,1.0],[-1.0,0.0,0.0,0.22045,0.0,-1.0,0.0,-0.209651,0.0,0.0,1.0,0.168975,0.0,0.0,0.0,1.0],[0.0,-0.177885,0.984051,0.048447,-1.0,0.0,0.0,-0.189301,0.0,-0.984051,-0.177885,0.266053,0.0,0.0,0.0,1.0],[-0.961959,0.0,-0.273195,0.148135,0.0,-1.0,0.0,-0.274739,-0.273195,0.0,0.961959,0.350359,0.0,0.0,0.0,1.0],[0.0,0.991382,-0.131005,0.047015,0.0,-0.131005,-0.991382,-0.296357,-1.0,0.0,0.0,0.184469,0.0,0.0,0.0,1.0],[0.0,0.989945,0.141451,0.023401,0.0,0.141451,-0.989945,-0.265113,-1.0,0.0,0.0,0.254125,0.0,0.0,0.0,1.0],[0.0,0.62514,0.780512,-0.012913,0.0,-0.780512,0.62514,-0.247354,1.0,0.0,0.0,0.173325,0.0,0.0,0.0,1.0],[0.77795,0.0,0.628326,0.26735,0.0,1.0,0.0,-0.173939,-0.628326,0.0,0.77795,0.188819,0.0,0.0,0.0,1.0],[0.921943,-0.387325,0.0,-0.040694,0.387325,0.921943,0.0,-0.268389,0.0,0.0,1.0,0.337225,0.0,0.0,0.0,1.0],[0.0,-0.372473,-0.928043,0.023401,0.0,-0.928043,0.372473,-0.271299,-1.0,0.0,0.0,0.254125,0.0,0.0,0.0,1.0],[1.0,0.0,0.0,0.1633,0.0,1.0,0.0,-0.260054,0.0,0.0,1.0,0.210137,0.0,0.0,0.0,1.0],[1.0,0.0,0.0,0.111706,0.0,1.0,0.0,-0.247354,0.0,0.0,1.0,0.372969,0.0,0.0,0.0,1.0],[0.99946,0.0,0.032874,0.215223,0.0,1.0,0.0,-0.227463,-0.032874,0.0,0.99946,0.182837,0.0,0.0,0.0,1.0],[0.268593,0.0,-0.963254,0.042519,0.0,1.0,0.0,-0.273945,0.963254,0.0,0.268593,0.347133,0.0,0.0,0.0,1.0],[0.0,0.86879,0.49518,0.023401,0.0,-0.49518,0.86879,-0.265113,1.0,0.0,0.0,0.246366,0.0,0.0,0.0,1.0],[1.0,0.0,0.0,0.341201,0.0,1.0,0.0,-0.236639,0.0,0.0,1.0,0.168578,0.0,0.0,0.0,1.0],[-0.863496,0.504356,0.0,0.041099,-0.504356,-0.863496,0.0,-0.20687,0.0,0.0,1.0,0.280594,0.0,0.0,0.0,1.0],[0.875275,0.483625,0.0,-0.037519,-0.483625,0.875275,0.0,-0.221557,0.0,0.0,1.0,0.155865,0.0,0.0,0.0,1.0],[1.0,0.0,0.0,0.011693,0.0,1.0,0.0,-0.221557,0.0,0.0,1.0,0.168578,0.0,0.0,0.0,1.0],[0.86903,0.0,0.494759,0.026378,0.494759,0.0,-0.86903,-0.240607,0.0,1.0,0.0,0.18485,0.0,0.0,0.0,1.0],[0.0,1.0,0.0,0.031931,0.150244,0.0,-0.988649,-0.256482,-0.988649,0.0,-0.150244,0.207075,0.0,0.0,0.0,1.0],[0.0,-0.981414,-0.191903,0.201003,0.0,-0.191903,0.981414,-0.217589,-1.0,0.0,0.0,0.186056,0.0,0.0,0.0,1.0],[0.908072,-0.418815,0.0,0.1633,0.418815,0.908072,0.0,-0.260054,0.0,0.0,1.0,0.201512,0.0,0.0,0.0,1.0],[-0.239942,0.0,0.970787,-0.012913,0.970787,0.0,0.239942,-0.289423,0.0,1.0,0.0,0.272607,0.0,0.0,0.0,1.0],[0.270731,0.0,-0.962655,-0.013314,0.0,-1.0,0.0,-0.288232,-0.962655,0.0,-0.270731,0.330497,0.0,0.0,0.0,1.0],[0.0,1.0,0.0,0.021615,-1.0,0.0,0.0,-0.268206,0.0,0.0,1.0,0.256287,0.0,0.0,0.0,1.0],[0.211739,0.0,-0.977326,0.031934,-0.977326,0.0,-0.211739,-0.240607,0.0,1.0,0.0,0.195867,0.0,0.0,0.0,1.0],[0.0,0.096123,-0.995369,0.040028,1.0,0.0,0.0,-0.233176,0.0,-0.995369,-0.096123,0.257634,0.0,0.0,0.0,1.0],[1.0,0.0,0.0,0.029187,0.0,0.027571,0.99962,-0.264179,0.0,-0.99962,0.027571,0.227953,0.0,0.0,0.0,1.0],[0.0,-0.981414,-0.191903,0.239897,0.0,-0.191903,0.981414,-0.217589,-1.0,0.0,0.0,0.186056,0.0,0.0,0.0,1.0],[0.772237,0.0,0.635334,0.005303,-0.635334,0.0,0.772237,-0.278906,0.0,-1.0,0.0,0.172563,0.0,0.0,0.0,1.0],[-0.879478,0.0,-0.47594,0.141075,-0.47594,0.0,0.879478,-0.260054,0.0,1.0,0.0,0.183243,0.0,0.0,0.0,1.0],[0.0,0.21351,-0.976941,0.005896,-1.0,0.0,0.0,-0.283043,0.0,0.976941,0.21351,0.227953,0.0,0.0,0.0,1.0],[0.0,-0.987106,0.160066,0.048447,-1.0,0.0,0.0,-0.228701,0.0,-0.160066,-0.987106,0.257634,0.0,0.0,0.0,1.0],[1.0,0.0,0.0,0.149806,0.0,1.0,0.0,-0.260054,0.0,0.0,1.0,0.1785,0.0,0.0,0.0,1.0],[1.0,0.0,0.0,0.079162,0.0,1.0,0.0,-0.292995,0.0,0.0,1.0,0.192762,0.0,0.0,0.0,1.0],[0.973275,0.229644,0.0,0.1633,-0.229644,0.973275,0.0,-0.260054,0.0,0.0,1.0,0.205481,0.0,0.0,0.0,1.0],[0.0,0.084878,-0.996391,0.036697,1.0,0.0,0.0,-0.268389,0.0,-0.996391,-0.084878,0.188025,0.0,0.0,0.0,1.0],[0.0,0.984051,0.177885,0.040028,-1.0,0.0,0.0,-0.189301,0.0,-0.177885,0.984051,0.266053,0.0,0.0,0.0,1.0],[-0.949765,0.0,0.312965,0.154172,-0.312965,0.0,-0.949765,-0.267616,0.0,-1.0,0.0,0.180881,0.0,0.0,0.0,1.0],[-0.999859,-0.016821,0.0,0.044237,0.016821,-0.999859,0.0,-0.206627,0.0,0.0,1.0,0.256486,0.0,0.0,0.0,1.0],[1.0,0.0,0.0,0.033125,0.0,1.0,0.0,-0.272598,0.0,0.0,1.0,0.227953,0.0,0.0,0.0,1.0],[0.875275,0.483625,0.0,0.133931,-0.483625,0.875275,0.0,-0.31522,0.0,0.0,1.0,0.155865,0.0,0.0,0.0,1.0],[1.0,0.0,0.0,0.021615,0.0,1.0,0.0,-0.268206,0.0,0.0,1.0,0.223744,0.0,0.0,0.0,1.0],[0.745918,0.0,0.666038,0.154172,-0.666038,0.0,0.745918,-0.252493,0.0,-1.0,0.0,0.180881,0.0,0.0,0.0,1.0],[-0.857631,-1e-05,-0.514265,0.22045,9e-06,-1.0,5e-06,-0.209651,-0.514265,0.0,0.857631,0.208662,0.0,0.0,0.0,1.0],[0.0,-1.0,0.0,0.029899,0.343583,0.0,0.939122,-0.256482,-0.939122,0.0,0.343583,0.223744,0.0,0.0,0.0,1.0],[0.0,0.987106,-0.160066,0.040028,-1.0,0.0,0.0,-0.228701,0.0,0.160066,0.987106,0.266053,0.0,0.0,0.0,1.0],[-0.004958,0.99946,0.032498,0.225551,-0.988559,0.0,-0.150833,-0.227463,-0.150751,-0.032874,0.988025,0.212676,0.0,0.0,0.0,1.0],[1.0,0.0,0.0,0.095831,0.0,1.0,0.0,-0.289423,0.0,0.0,1.0,0.372969,0.0,0.0,0.0,1.0],[1.0,0.0,0.0,0.020866,0.0,1.0,0.0,-0.278909,0.0,0.0,1.0,0.189219,0.0,0.0,0.0,1.0],[1.0,0.0,0.0,0.044237,0.0,1.0,0.0,-0.219176,0.0,0.0,1.0,0.266439,0.0,0.0,0.0,1.0],[1.0,0.0,0.0,0.111706,0.0,1.0,0.0,-0.289423,0.0,0.0,1.0,0.372969,0.0,0.0,0.0,1.0],[0.0,-0.863234,0.504804,0.023401,0.0,-0.504804,-0.863234,-0.271299,1.0,0.0,0.0,0.246366,0.0,0.0,0.0,1.0],[-0.504356,-0.260366,-0.823307,0.040933,0.863496,-0.152076,-0.480883,-0.206586,0.0,-0.953458,0.301525,0.283674,0.0,0.0,0.0,1.0],[0.0,-0.961817,0.273695,0.252269,0.0,0.273695,0.961817,-0.180282,-1.0,0.0,0.0,0.18365,0.0,0.0,0.0,1.0],[1.0,0.0,0.0,0.087893,0.0,1.0,0.0,-0.247354,0.0,0.0,1.0,0.342806,0.0,0.0,0.0,1.0],[0.936334,0.0,-0.35111,0.005303,0.35111,0.0,0.936334,-0.257871,0.0,-1.0,0.0,0.172563,0.0,0.0,0.0,1.0],[0.789278,0.0,0.614035,0.231562,0.614035,0.0,-0.789278,-0.240607,0.0,1.0,0.0,0.207697,0.0,0.0,0.0,1.0],[0.243925,-0.966872,0.075221,0.036697,0.969619,0.244618,0.0,-0.254636,-0.0184,0.072936,0.997167,0.188025,0.0,0.0,0.0,1.0],[0.239942,0.0,-0.970787,-0.012913,-0.970787,0.0,-0.239942,-0.247354,0.0,1.0,0.0,0.272607,0.0,0.0,0.0,1.0],[0.0,-0.963254,0.268593,0.043513,1.0,0.0,0.0,-0.268389,0.0,0.268593,0.963254,0.346855,0.0,0.0,0.0,1.0],[0.0,-0.963254,0.268593,0.043513,1.0,0.0,0.0,-0.28982,0.0,0.268593,0.963254,0.346855,0.0,0.0,0.0,1.0],[0.0,0.985727,0.168353,0.043513,-1.0,0.0,0.0,-0.246957,0.0,-0.168353,0.985727,0.346855,0.0,0.0,0.0,1.0],[0.99946,0.0,0.032874,0.2194,0.0,1.0,0.0,-0.227463,-0.032874,0.0,0.99946,0.197789,0.0,0.0,0.0,1.0],[0.99946,0.0,0.032874,0.20036,0.0,1.0,0.0,-0.227463,-0.032874,0.0,0.99946,0.198415,0.0,0.0,0.0,1.0],[0.99946,0.0,0.032874,0.20274,0.0,1.0,0.0,-0.227463,-0.032874,0.0,0.99946,0.198337,0.0,0.0,0.0,1.0],[0.032874,-0.568819,-0.821805,0.038369,0.0,0.82225,-0.569127,-0.227463,0.99946,0.018709,0.02703,0.199069,0.0,0.0,0.0,1.0],[0.997398,0.0,0.072097,0.044023,0.0,1.0,0.0,-0.279104,-0.072097,0.0,0.997398,0.344969,0.0,0.0,0.0,1.0],[0.998522,0.0,0.054354,-0.012871,0.0,1.0,0.0,-0.279104,-0.054354,0.0,0.998522,0.358919,0.0,0.0,0.0,1.0],[0.992828,0.0,-0.119552,0.238704,0.0,1.0,0.0,-0.268389,0.119552,0.0,0.992828,0.168397,0.0,0.0,0.0,1.0],[-0.212963,0.976894,-0.018008,0.221294,-0.97342,-0.213723,-0.082314,-0.205793,-0.084261,0.0,0.996444,0.338062,0.0,0.0,0.0,1.0],[0.0,-0.999939,-0.011044,0.149806,1.0,0.0,0.0,-0.260054,0.0,-0.011044,0.999939,0.2335,0.0,0.0,0.0,1.0],[0.971228,0.0,0.238151,0.045565,0.0,1.0,0.0,-0.273945,-0.238151,0.0,0.971228,0.344591,0.0,0.0,0.0,1.0],[0.998522,0.0,0.054354,-0.012871,0.0,1.0,0.0,-0.257673,-0.054354,0.0,0.998522,0.358919,0.0,0.0,0.0,1.0],[1.0,0.0,0.0,0.149806,0.0,1.0,0.0,-0.260054,0.0,0.0,1.0,0.184287,0.0,0.0,0.0,1.0],[0.09256,0.0,0.995707,0.26735,0.0,1.0,0.0,-0.340626,-0.995707,0.0,0.09256,0.188819,0.0,0.0,0.0,1.0],[0.0,-0.971228,0.238151,0.010534,1.0,0.0,0.0,-0.285215,0.0,0.238151,0.971228,0.331857,0.0,0.0,0.0,1.0],[0.203157,0.976894,0.066368,0.221294,0.928599,-0.213723,0.303358,-0.205793,0.310533,0.0,-0.950563,0.338062,0.0,0.0,0.0,1.0],[-0.074423,0.995707,0.055032,0.26735,0.594553,0.0,0.804056,-0.186639,0.800605,0.09256,-0.592001,0.188819,0.0,0.0,0.0,1.0],[0.971628,0.0,0.236516,0.103768,0.0,1.0,0.0,-0.268389,-0.236516,0.0,0.971628,0.36265,0.0,0.0,0.0,1.0],[0.997398,0.0,0.072097,0.044023,0.0,1.0,0.0,-0.257673,-0.072097,0.0,0.997398,0.344969,0.0,0.0,0.0,1.0],[0.969593,0.0,-0.244723,0.044023,0.0,1.0,0.0,-0.286248,0.244723,0.0,0.969593,0.344969,0.0,0.0,0.0,1.0],[-0.206063,0.976894,0.056704,0.221298,-0.941884,-0.213723,0.259184,-0.205774,0.265314,0.0,0.964162,0.298526,0.0,0.0,0.0,1.0],[-0.213723,0.976894,0.0,0.22045,-0.976894,-0.213723,0.0,-0.209651,0.0,0.0,1.0,0.329728,0.0,0.0,0.0,1.0],[-0.212369,0.976894,-0.02402,0.218341,-0.970705,-0.213723,-0.10979,-0.219288,-0.112387,0.0,0.993665,0.319954,0.0,0.0,0.0,1.0],[0.982289,0.187371,0.0,0.22045,-0.187371,0.982289,0.0,-0.209651,0.0,0.0,1.0,0.202728,0.0,0.0,0.0,1.0],[0.09256,0.0,0.995707,0.26735,0.0,1.0,0.0,-0.194576,-0.995707,0.0,0.09256,0.188819,0.0,0.0,0.0,1.0],[0.0,-0.999765,0.021675,0.149806,1.0,0.0,0.0,-0.257673,0.0,0.021675,0.999765,0.2335,0.0,0.0,0.0,1.0],[0.999939,0.0,-0.011044,0.149806,0.0,1.0,0.0,-0.256085,0.011044,0.0,0.999939,0.233474,0.0,0.0,0.0,1.0],[-0.206063,0.976894,-0.056704,0.219601,-0.941884,-0.213723,-0.259184,-0.213528,-0.265314,0.0,0.964162,0.298526,0.0,0.0,0.0,1.0],[0.31715,0.818191,-0.479562,0.22045,-0.834098,0.0,-0.551616,-0.199256,-0.451327,0.574947,0.682451,0.194375,0.0,0.0,0.0,1.0],[0.991993,0.0,-0.126294,0.046312,0.0,1.0,0.0,-0.268389,0.126294,0.0,0.991993,0.376636,0.0,0.0,0.0,1.0],[0.656802,0.0,-0.754063,0.218682,0.0,1.0,0.0,-0.268389,0.754063,0.0,0.656802,0.334678,0.0,0.0,0.0,1.0],[-0.213176,0.976894,0.015277,0.221298,-0.974395,-0.213723,0.069831,-0.205774,0.071483,0.0,0.997442,0.298526,0.0,0.0,0.0,1.0],[0.0,-0.999995,0.003084,0.1485,1.0,0.0,0.0,-0.257975,0.0,0.003084,0.999995,0.351761,0.0,0.0,0.0,1.0],[-0.818191,0.0,0.574947,0.22045,0.0,1.0,0.0,-0.19457,-0.574947,0.0,-0.818191,0.194375,0.0,0.0,0.0,1.0],[0.0,0.98932,0.145761,0.1485,-1.0,0.0,0.0,-0.255675,0.0,-0.145761,0.98932,0.351761,0.0,0.0,0.0,1.0],[0.982289,0.187371,0.0,0.22045,-0.187371,0.982289,0.0,-0.209651,0.0,0.0,1.0,0.194375,0.0,0.0,0.0,1.0],[-0.212963,0.976894,0.018008,0.219605,-0.97342,-0.213723,0.082314,-0.213509,0.084261,0.0,0.996444,0.338062,0.0,0.0,0.0,1.0],[0.0,-1.0,0.0,-0.012871,1.0,0.0,0.0,-0.268389,0.0,0.0,1.0,0.248588,0.0,0.0,0.0,1.0],[-0.818191,0.0,0.574947,0.22045,0.0,1.0,0.0,-0.165598